	380 nm	403 nm	438 nm	453 nm	472 nm	526 nm	593 nm	640 nm
15	0.009	0.004	0.006	0.007	0.016	0.007	0.011	0.007
16	0.008	0.004	0.006	0.007	0.016	0.007	0.01	0.007
17	0.008	0.004	0.005	0.007	0.015	0.006	0.01	0.006
18	0.008	0.004	0.005	0.006	0.014	0.006	0.009	0.006
19	0.007	0.003	0.005	0.006	0.013	0.006	0.009	0.006
20	0.007	0.003	0.005	0.006	0.013	0.005	0.009	0.006
21	0.007	0.003	0.005	0.006	0.012	0.005	0.008	0.005
22	0.006	0.003	0.004	0.006	0.012	0.005	0.008	0.005
23	0.006	0.003	0.004	0.005	0.011	0.005	0.008	0.005
24	0.006	0.003	0.004	0.005	0.011	0.005	0.007	0.005
25	0.006	0.003	0.004	0.005	0.011	0.004	0.007	0.005
26	0.005	0.003	0.004	0.005	0.01	0.004	0.007	0.005
27	0.005	0.003	0.004	0.005	0.01	0.004	0.007	0.004
28	0.005	0.003	0.004	0.005	0.009	0.004	0.006	0.004
29	0.005	0.003	0.003	0.004	0.009	0.004	0.006	0.004
30	0.005	0.002	0.003	0.004	0.009	0.004	0.006	0.004
31	0.005	0.002	0.003	0.004	0.009	0.004	0.006	0.004
32	0.004	0.002	0.003	0.004	0.008	0.004	0.006	0.004
33	0.004	0.002	0.003	0.004	0.008	0.003	0.006	0.004
34	0.004	0.002	0.003	0.004	0.008	0.003	0.005	0.004
35	0.004	0.002	0.003	0.004	0.008	0.003	0.005	0.004
36	0.004	0.002	0.003	0.004	0.008	0.003	0.005	0.003
37	0.004	0.002	0.003	0.004	0.007	0.003	0.005	0.003
38	0.004	0.002	0.003	0.003	0.007	0.003	0.005	0.003
39	0.004	0.002	0.003	0.003	0.007	0.003	0.005	0.003
40	0.004	0.002	0.003	0.003	0.007	0.003	0.005	0.003
41	0.004	0.002	0.003	0.003	0.007	0.003	0.005	0.003
42	0.003	0.002	0.002	0.003	0.007	0.003	0.005	0.003
43	0.003	0.002	0.002	0.003	0.006	0.003	0.004	0.003
44	0.003	0.002	0.002	0.003	0.006	0.003	0.004	0.003
45	0.003	0.002	0.002	0.003	0.006	0.003	0.004	0.003
46	0.003	0.002	0.002	0.003	0.006	0.003	0.004	0.003
47	0.003	0.002	0.002	0.003	0.006	0.002	0.004	0.003
48	0.003	0.002	0.002	0.003	0.006	0.002	0.004	0.003
49	0.003	0.002	0.002	0.003	0.006	0.002	0.004	0.003
50	0.003	0.002	0.002	0.003	0.006	0.002	0.004	0.003
Basis	Rhodamine101	2017-05-05	nW	NaN	NaN	NaN	NaN	NaN
