,380 nm,403 nm,438 nm,453 nm,472 nm,526 nm,593 nm,640 nm
15,0.0921,0.10861,0.11483,0.13648,0.07549,0.18875,1.0,0.14046
16,0.09334,0.10852,0.11657,0.13776,0.07703,0.19473,1.0,0.14035
17,0.09448,0.10847,0.11818,0.13893,0.07846,0.20039,1.0,0.1403
18,0.09549,0.1084,0.11962,0.13997,0.07977,0.20567,1.0,0.14022
19,0.09642,0.10834,0.12094,0.14092,0.08097,0.21065,1.0,0.14015
20,0.0973,0.1083,0.12219,0.1418,0.0821,0.21538,1.0,0.14011
21,0.09808,0.10825,0.12331,0.14259,0.08314,0.21981,1.0,0.14005
22,0.09883,0.10822,0.12437,0.14334,0.08412,0.22404,1.0,0.14002
23,0.0995,0.10818,0.12534,0.14401,0.08503,0.22802,1.0,0.13998
24,0.10014,0.10815,0.12626,0.14465,0.08589,0.23183,1.0,0.13995
25,0.10072,0.10811,0.1271,0.14522,0.08668,0.23541,1.0,0.13991
26,0.10127,0.10808,0.12788,0.14576,0.08743,0.23883,1.0,0.13987
27,0.10179,0.10806,0.12864,0.14628,0.08814,0.24211,1.0,0.13985
28,0.10227,0.10803,0.12933,0.14674,0.08881,0.24521,1.0,0.13982
29,0.10273,0.10802,0.12999,0.1472,0.08944,0.24821,1.0,0.13981
30,0.10315,0.10799,0.13061,0.14761,0.09004,0.25104,1.0,0.13977
31,0.10356,0.10798,0.1312,0.14801,0.09061,0.25377,1.0,0.13976
32,0.10394,0.10796,0.13175,0.14837,0.09114,0.25637,1.0,0.13974
33,0.1043,0.10793,0.13227,0.14871,0.09165,0.25885,1.0,0.13971
34,0.10464,0.10792,0.13278,0.14905,0.09215,0.26127,1.0,0.1397
35,0.10496,0.1079,0.13324,0.14936,0.09261,0.26356,1.0,0.13968
36,0.10528,0.1079,0.1337,0.14966,0.09305,0.26579,1.0,0.13967
37,0.10557,0.10788,0.13413,0.14994,0.09347,0.2679,1.0,0.13965
38,0.10586,0.10787,0.13454,0.15022,0.09388,0.26997,1.0,0.13964
39,0.10612,0.10785,0.13493,0.15047,0.09427,0.27193,1.0,0.13962
40,0.10637,0.10784,0.1353,0.1507,0.09463,0.27382,1.0,0.1396
41,0.10662,0.10783,0.13566,0.15094,0.09499,0.27567,1.0,0.1396
42,0.10685,0.10782,0.136,0.15116,0.09533,0.27743,1.0,0.13958
43,0.10708,0.10781,0.13633,0.15138,0.09566,0.27915,1.0,0.13958
44,0.10729,0.1078,0.13664,0.15158,0.09598,0.28079,1.0,0.13956
45,0.1075,0.10779,0.13695,0.15178,0.09628,0.28241,1.0,0.13956
46,0.10769,0.10778,0.13723,0.15196,0.09657,0.28394,1.0,0.13955
47,0.10788,0.10777,0.13751,0.15214,0.09685,0.28543,1.0,0.13953
48,0.10807,0.10777,0.13778,0.15232,0.09712,0.2869,1.0,0.13953
49,0.10824,0.10776,0.13804,0.15248,0.09738,0.28829,1.0,0.13952
50,0.10841,0.10775,0.13829,0.15264,0.09764,0.28966,1.0,0.13951
Basis,Rhodamine101,2017-05-05,nW,NaN,NaN,NaN,NaN,NaN
