,380 nm,403 nm,438 nm,453 nm,472 nm,526 nm,593 nm,640 nm
15,0.14508,0.09546,0.0731,0.04328,-43.83561,0.11656,1.0,0.10643
16,0.14493,0.09595,0.07386,0.0437,-57.06666,0.12004,1.0,0.10622
17,0.14476,0.09637,0.07453,0.04408,-77.84407,0.12328,1.0,0.10602
18,0.14462,0.09674,0.07514,0.04441,-115.24341,0.12631,1.0,0.10583
19,0.14451,0.09709,0.07571,0.04473,-202.54177,0.12918,1.0,0.10569
20,0.14439,0.0974,0.07621,0.04501,-638.93386,0.13187,1.0,0.10554
21,0.00022,0.00015,0.00011,7e-05,1.0,0.0002,0.00149,0.00016
22,0.00062,0.00042,0.00033,0.00019,1.0,0.00058,0.00428,0.00045
23,0.00098,0.00067,0.00053,0.00031,1.0,0.00095,0.00682,0.00072
24,0.00132,0.0009,0.00071,0.00042,1.0,0.00129,0.00916,0.00096
25,0.00163,0.00112,0.00088,0.00052,1.0,0.00162,0.01131,0.00119
26,0.00191,0.00131,0.00104,0.00062,1.0,0.00193,0.0133,0.0014
27,0.00218,0.0015,0.00119,0.0007,1.0,0.00223,0.01514,0.00159
28,0.00242,0.00167,0.00133,0.00079,1.0,0.00251,0.01686,0.00177
29,0.00265,0.00183,0.00147,0.00086,1.0,0.00278,0.01846,0.00193
30,0.00287,0.00198,0.00159,0.00094,1.0,0.00303,0.01995,0.00209
31,0.00308,0.00214,0.00171,0.00101,1.0,0.00329,0.02145,0.00224
32,0.00327,0.00227,0.00182,0.00107,1.0,0.00353,0.02276,0.00238
33,0.00344,0.00239,0.00193,0.00113,1.0,0.00375,0.02399,0.00251
34,0.00361,0.00251,0.00202,0.00119,1.0,0.00397,0.02514,0.00263
35,0.00377,0.00262,0.00212,0.00125,1.0,0.00417,0.02624,0.00274
36,0.00391,0.00273,0.00221,0.0013,1.0,0.00437,0.02727,0.00285
37,0.00405,0.00283,0.00229,0.00135,1.0,0.00456,0.02825,0.00295
38,0.00418,0.00293,0.00237,0.00139,1.0,0.00475,0.02917,0.00304
39,0.00431,0.00302,0.00244,0.00144,1.0,0.00492,0.03005,0.00313
40,0.00443,0.0031,0.00252,0.00148,1.0,0.00509,0.03089,0.00322
41,0.00454,0.00319,0.00259,0.00152,1.0,0.00526,0.03169,0.0033
42,0.00465,0.00327,0.00265,0.00156,1.0,0.00541,0.03244,0.00338
43,0.00475,0.00334,0.00272,0.0016,1.0,0.00557,0.03317,0.00345
44,0.00485,0.00341,0.00278,0.00163,1.0,0.00571,0.03385,0.00352
45,0.00494,0.00348,0.00283,0.00167,1.0,0.00585,0.03452,0.00359
46,0.00503,0.00355,0.00289,0.0017,1.0,0.00599,0.03515,0.00366
47,0.00512,0.00361,0.00294,0.00173,1.0,0.00612,0.03575,0.00372
48,0.00521,0.00368,0.003,0.00176,1.0,0.00626,0.0364,0.00378
49,0.00529,0.00374,0.00305,0.00179,1.0,0.00639,0.03695,0.00384
50,0.00537,0.00379,0.0031,0.00182,1.0,0.00651,0.03749,0.0039
Basis,Rhodamine101,2017-05-05,nW,NaN,NaN,NaN,NaN,NaN
