	380 nm	403 nm	438 nm	453 nm	472 nm	526 nm	593 nm	640 nm
15	0.003	0.003	0.006	0.013	-0.0	0.006	0.006	0.005
16	0.003	0.002	0.005	0.013	-0.0	0.006	0.006	0.005
17	0.003	0.002	0.005	0.012	-0.0	0.006	0.006	0.005
18	0.003	0.002	0.005	0.011	-0.0	0.005	0.005	0.005
19	0.003	0.002	0.004	0.011	-0.0	0.005	0.005	0.004
20	0.003	0.002	0.004	0.01	-0.0	0.005	0.005	0.004
21	0.002	0.002	0.004	0.01	0.0	0.005	0.005	0.004
22	0.002	0.002	0.004	0.009	0.0	0.004	0.004	0.004
23	0.002	0.002	0.004	0.009	0.0	0.004	0.004	0.004
24	0.002	0.002	0.004	0.009	0.0	0.004	0.004	0.003
25	0.002	0.002	0.003	0.008	0.0	0.004	0.004	0.003
26	0.002	0.002	0.003	0.008	0.0	0.004	0.004	0.003
27	0.002	0.002	0.003	0.008	0.0	0.004	0.004	0.003
28	0.002	0.001	0.003	0.007	0.0	0.003	0.003	0.003
29	0.002	0.001	0.003	0.007	0.0	0.003	0.003	0.003
30	0.002	0.001	0.003	0.007	0.0	0.003	0.003	0.003
31	0.002	0.001	0.003	0.007	0.0	0.003	0.003	0.003
32	0.002	0.001	0.003	0.007	0.0	0.003	0.003	0.003
33	0.002	0.001	0.003	0.006	0.0	0.003	0.003	0.003
34	0.002	0.001	0.003	0.006	0.0	0.003	0.003	0.002
35	0.002	0.001	0.002	0.006	0.0	0.003	0.003	0.002
36	0.001	0.001	0.002	0.006	0.0	0.003	0.003	0.002
37	0.001	0.001	0.002	0.006	0.0	0.003	0.003	0.002
38	0.001	0.001	0.002	0.006	0.0	0.003	0.003	0.002
39	0.001	0.001	0.002	0.005	0.0	0.002	0.002	0.002
40	0.001	0.001	0.002	0.005	0.0	0.002	0.002	0.002
41	0.001	0.001	0.002	0.005	0.0	0.002	0.002	0.002
42	0.001	0.001	0.002	0.005	0.0	0.002	0.002	0.002
43	0.001	0.001	0.002	0.005	0.0	0.002	0.002	0.002
44	0.001	0.001	0.002	0.005	0.0	0.002	0.002	0.002
45	0.001	0.001	0.002	0.005	0.0	0.002	0.002	0.002
46	0.001	0.001	0.002	0.005	0.0	0.002	0.002	0.002
47	0.001	0.001	0.002	0.005	0.0	0.002	0.002	0.002
48	0.001	0.001	0.002	0.004	0.0	0.002	0.002	0.002
49	0.001	0.001	0.002	0.004	0.0	0.002	0.002	0.002
50	0.001	0.001	0.002	0.004	0.0	0.002	0.002	0.002
Basis	Rhodamine101	2017-05-05	nW	NaN	NaN	NaN	NaN	NaN
