,380 nm,403 nm,438 nm,453 nm,472 nm,526 nm,593 nm,640 nm
15,0.14592,0.09603,0.0737,0.04399,0.10349,0.11713,1.0,0.10867
16,0.14579,0.09654,0.07447,0.04442,0.10567,0.12065,1.0,0.10847
17,0.14568,0.09699,0.07517,0.04481,0.10768,0.12395,1.0,0.10829
18,0.14558,0.0974,0.0758,0.04517,0.10953,0.12704,1.0,0.10814
19,0.1455,0.09776,0.07637,0.04549,0.11125,0.12994,1.0,0.108
20,0.14542,0.0981,0.0769,0.04578,0.11284,0.13267,1.0,0.10787
21,0.14533,0.09839,0.07737,0.04604,0.11431,0.13523,1.0,0.10774
22,0.14526,0.09867,0.07782,0.04629,0.1157,0.13767,1.0,0.10764
23,0.14521,0.09892,0.07823,0.04652,0.117,0.13997,1.0,0.10755
24,0.14515,0.09916,0.07861,0.04673,0.11821,0.14216,1.0,0.10746
25,0.14511,0.09938,0.07897,0.04693,0.11936,0.14423,1.0,0.10738
26,0.14506,0.09958,0.0793,0.04711,0.12043,0.1462,1.0,0.10731
27,0.14502,0.09977,0.07961,0.04729,0.12145,0.14807,1.0,0.10724
28,0.14498,0.09995,0.0799,0.04745,0.1224,0.14986,1.0,0.10718
29,0.14494,0.10012,0.08017,0.0476,0.12331,0.15156,1.0,0.10712
30,0.14491,0.10027,0.08042,0.04774,0.12417,0.15318,1.0,0.10707
31,0.14488,0.10042,0.08066,0.04787,0.12498,0.15474,1.0,0.10702
32,0.14485,0.10055,0.08089,0.048,0.12576,0.15622,1.0,0.10697
33,0.14482,0.10068,0.0811,0.04812,0.12649,0.15765,1.0,0.10692
34,0.14478,0.10079,0.0813,0.04822,0.12718,0.159,1.0,0.10687
35,0.14476,0.10091,0.08149,0.04833,0.12785,0.1603,1.0,0.10683
36,0.14473,0.10102,0.08167,0.04843,0.12849,0.16156,1.0,0.1068
37,0.14471,0.10112,0.08185,0.04853,0.1291,0.16277,1.0,0.10676
38,0.14469,0.10122,0.08201,0.04862,0.12969,0.16393,1.0,0.10673
39,0.14467,0.10131,0.08217,0.04871,0.13024,0.16505,1.0,0.1067
40,0.14465,0.1014,0.08232,0.04879,0.13078,0.16612,1.0,0.10667
41,0.14464,0.10148,0.08247,0.04887,0.13129,0.16716,1.0,0.10664
42,0.14462,0.10157,0.0826,0.04894,0.13179,0.16816,1.0,0.10661
43,0.1446,0.10164,0.08273,0.04902,0.13226,0.16912,1.0,0.10658
44,0.14459,0.10172,0.08286,0.04909,0.13272,0.17006,1.0,0.10656
45,0.14457,0.10179,0.08298,0.04915,0.13316,0.17096,1.0,0.10654
46,0.14456,0.10186,0.0831,0.04922,0.13358,0.17183,1.0,0.10651
47,0.14454,0.10191,0.0832,0.04927,0.13398,0.17266,1.0,0.10649
48,0.14452,0.10198,0.08331,0.04933,0.13437,0.17347,1.0,0.10646
49,0.14451,0.10204,0.08341,0.04939,0.13475,0.17426,1.0,0.10644
50,0.1445,0.10209,0.08351,0.04944,0.13512,0.17503,1.0,0.10643
Basis,Rhodamine101,2017-05-05,nW,NaN,NaN,NaN,NaN,NaN
