	380 nm	403 nm	438 nm	453 nm	472 nm	526 nm	593 nm	640 nm
15	0.005	0.004	0.009	0.013	0.011	0.009	0.009	0.02
16	0.004	0.004	0.009	0.012	0.01	0.008	0.009	0.019
17	0.004	0.004	0.008	0.012	0.009	0.008	0.008	0.018
18	0.004	0.004	0.008	0.011	0.009	0.007	0.008	0.017
19	0.004	0.003	0.007	0.01	0.008	0.007	0.007	0.016
20	0.004	0.003	0.007	0.01	0.008	0.007	0.007	0.015
21	0.004	0.003	0.007	0.01	0.008	0.006	0.007	0.014
22	0.003	0.003	0.007	0.009	0.007	0.006	0.006	0.014
23	0.003	0.003	0.006	0.009	0.007	0.006	0.006	0.013
24	0.003	0.003	0.006	0.008	0.007	0.006	0.006	0.013
25	0.003	0.003	0.006	0.008	0.006	0.005	0.006	0.012
26	0.003	0.003	0.006	0.008	0.006	0.005	0.005	0.012
27	0.003	0.002	0.005	0.007	0.006	0.005	0.005	0.011
28	0.003	0.002	0.005	0.007	0.006	0.005	0.005	0.011
29	0.003	0.002	0.005	0.007	0.005	0.005	0.005	0.011
30	0.003	0.002	0.005	0.007	0.005	0.005	0.005	0.01
31	0.003	0.002	0.005	0.007	0.005	0.004	0.005	0.01
32	0.002	0.002	0.005	0.006	0.005	0.004	0.004	0.01
33	0.002	0.002	0.004	0.006	0.005	0.004	0.004	0.009
34	0.002	0.002	0.004	0.006	0.005	0.004	0.004	0.009
35	0.002	0.002	0.004	0.006	0.005	0.004	0.004	0.009
36	0.002	0.002	0.004	0.006	0.004	0.004	0.004	0.009
37	0.002	0.002	0.004	0.006	0.004	0.004	0.004	0.008
38	0.002	0.002	0.004	0.005	0.004	0.004	0.004	0.008
39	0.002	0.002	0.004	0.005	0.004	0.003	0.004	0.008
40	0.002	0.002	0.004	0.005	0.004	0.003	0.004	0.008
41	0.002	0.002	0.004	0.005	0.004	0.003	0.003	0.008
42	0.002	0.002	0.004	0.005	0.004	0.003	0.003	0.007
43	0.002	0.002	0.003	0.005	0.004	0.003	0.003	0.007
44	0.002	0.002	0.003	0.005	0.004	0.003	0.003	0.007
45	0.002	0.002	0.003	0.005	0.003	0.003	0.003	0.007
46	0.002	0.001	0.003	0.004	0.003	0.003	0.003	0.007
47	0.002	0.001	0.003	0.004	0.003	0.003	0.003	0.007
48	0.002	0.001	0.003	0.004	0.003	0.003	0.003	0.006
49	0.002	0.001	0.003	0.004	0.003	0.003	0.003	0.006
50	0.002	0.001	0.003	0.004	0.003	0.003	0.003	0.006
Basis	Rhodamine101	2017-05-05	nW	NaN	NaN	NaN	NaN	NaN
