,380 nm,403 nm,438 nm,453 nm,472 nm,526 nm,593 nm,640 nm
15,0.12296,0.06564,0.05222,0.08652,0.05916,0.10131,1.0,0.06614
16,0.12282,0.06607,0.05278,0.08759,0.06044,0.10443,1.0,0.06621
17,0.1227,0.06645,0.05328,0.08857,0.06161,0.10735,1.0,0.06627
18,0.1226,0.0668,0.05373,0.08945,0.06269,0.11008,1.0,0.06633
19,0.1225,0.06711,0.05414,0.09026,0.06369,0.11266,1.0,0.06638
20,0.12245,0.06741,0.05453,0.09102,0.06463,0.1151,1.0,0.06644
21,0.12237,0.06766,0.05487,0.0917,0.0655,0.11739,1.0,0.06648
22,0.1223,0.0679,0.05519,0.09233,0.0663,0.11955,1.0,0.06652
23,0.12223,0.06812,0.05548,0.09291,0.06706,0.12159,1.0,0.06655
24,0.12217,0.06832,0.05575,0.09344,0.06777,0.12353,1.0,0.06658
25,0.12212,0.0685,0.05601,0.09395,0.06843,0.12536,1.0,0.06661
26,0.12207,0.06867,0.05624,0.09441,0.06906,0.12711,1.0,0.06663
27,0.12204,0.06885,0.05647,0.09487,0.06966,0.1288,1.0,0.06667
28,0.122,0.06899,0.05667,0.09528,0.07021,0.13038,1.0,0.06669
29,0.12196,0.06913,0.05687,0.09566,0.07074,0.13189,1.0,0.06671
30,0.12192,0.06926,0.05705,0.09603,0.07124,0.13333,1.0,0.06673
31,0.12189,0.06939,0.05722,0.09637,0.07171,0.1347,1.0,0.06675
32,0.12185,0.0695,0.05738,0.09669,0.07216,0.13602,1.0,0.06677
33,0.12182,0.06961,0.05753,0.09699,0.07259,0.13729,1.0,0.06678
34,0.12181,0.06972,0.05768,0.0973,0.07301,0.13851,1.0,0.06681
35,0.12178,0.06982,0.05782,0.09757,0.0734,0.13967,1.0,0.06682
36,0.12175,0.06991,0.05795,0.09783,0.07376,0.14079,1.0,0.06683
37,0.12173,0.07,0.05807,0.09808,0.07412,0.14186,1.0,0.06685
38,0.1217,0.07008,0.05819,0.09831,0.07446,0.14289,1.0,0.06686
39,0.12168,0.07016,0.0583,0.09854,0.07478,0.14388,1.0,0.06687
40,0.12167,0.07024,0.05841,0.09876,0.0751,0.14485,1.0,0.06689
41,0.12165,0.07032,0.05851,0.09897,0.0754,0.14577,1.0,0.0669
42,0.12163,0.07038,0.05861,0.09916,0.07568,0.14666,1.0,0.06691
43,0.12161,0.07045,0.0587,0.09935,0.07596,0.14751,1.0,0.06691
44,0.12159,0.07051,0.05879,0.09953,0.07622,0.14834,1.0,0.06692
45,0.12158,0.07057,0.05887,0.0997,0.07648,0.14914,1.0,0.06693
46,0.12156,0.07063,0.05895,0.09986,0.07672,0.14991,1.0,0.06694
47,0.12156,0.07069,0.05904,0.10003,0.07696,0.15067,1.0,0.06695
48,0.12154,0.07074,0.05911,0.10019,0.07719,0.1514,1.0,0.06696
49,0.12153,0.07079,0.05918,0.10033,0.07741,0.1521,1.0,0.06697
50,0.12151,0.07084,0.05925,0.10047,0.07762,0.15277,1.0,0.06697
Basis,Rhodamine101,2017-05-05,nW,NaN,NaN,NaN,NaN,NaN
