Wavelength (nm).1,0
800.0374756,-0.03807604206528724
799.0676269999999,-0.03558635622311727
797.9587402000001,-0.03620374127888087
796.9880371,-0.03406691479924792
796.0169678,-0.035303234888638214
795.0455322,-0.03935789902897007
793.9348755,-0.036200403344000924
792.9626465,-0.03332960702749117
791.9899902000001,-0.0338714128641547
791.0170287999999,-0.033969044932547224
790.0436401000001,-0.032908439757721654
788.9307861000001,-0.030051590400089097
787.956604,-0.0332483037836308
786.9821167,-0.031579970166873826
786.0072021000001,-0.028316496700084764
785.0319214,-0.03646755325819518
784.0562744,-0.03269636655985789
782.9407959,-0.03283321974007642
781.9643555,-0.03272378377942508
780.9875488,-0.033734560175728776
780.010376,-0.03795850059182415
779.0328369,-0.03235638219113746
778.0549316,-0.03136968485759387
776.9368286,-0.02951407393397919
775.9581299,-0.031142235771455522
774.9790649,-0.03315770764373347
773.9996338,-0.0361174356160869
773.0198364,-0.030644535588979522
772.0396728999999,-0.026987552960721996
771.0591431,-0.03078043567689643
769.9381103999999,-0.032956241134533035
768.9567871,-0.03245258268713743
767.9750977000001,-0.029424905051160088
766.993103,-0.027991413160699134
766.0106812000001,-0.025713085387400168
765.0279541,-0.028931260618404783
764.0447998,-0.02862441419744217
763.0613403,-0.029221891362537583
761.9369507,-0.026808977269065767
760.9526977999999,-0.025787711271276048
759.9680786,-0.02799177058345456
758.9830933,-0.0299967539011848
757.9978027000001,-0.02872622189781818
757.012085,-0.024418712761503918
756.026062,-0.02359509474380867
755.0396728999999,-0.02471089319503168
754.0529175,-0.025927901021284703
753.0657959,-0.02224230957617369
751.9371947999999,-0.023458956613989994
750.9493408,-0.023188591180659128
749.9611206000001,-0.02527427572442276
748.9725342,-0.024656296189161476
747.9835815,-0.02330494074035352
746.9943237000001,-0.024562119652177427
746.0046387,-0.021139144923797475
745.0146484,-0.02415025389361254
744.024353,-0.020157812977200044
743.0336304,-0.019083023712196442
742.0426025,-0.020665765043139446
741.0512085,-0.02130150761520818
740.0594482000001,-0.018723726090068876
739.0673218,-0.018486498084879694
737.9331055,-0.017154573069957987
736.9402466,-0.019796490349892736
735.9470215,-0.018958092973247125
734.9534912,-0.018013954115964907
733.9595947,-0.018503069062502552
732.9653931,-0.013395309904144994
731.9708252,-0.01460385478694892
730.9758911,-0.01310121920145019
729.9805908,-0.01164209899027638
728.9849853999999,-0.011257410164891655
727.9890137,-0.012074351764026004
726.9927368,-0.008405328826708396
725.9960937999999,-0.007116555077618217
724.9990845,-0.008747457238602487
724.00177,-0.00802457253426757
723.0040893999999,-0.008831143913009808
722.0061035,-0.006024242073804382
721.0077514999999,-0.005039692756999265
720.0090332000001,-0.004145980129044254
719.0100097999999,-0.0023140911951605
718.0106201,0.0007963173459643323
717.0109252999999,0.0013092164368764523
716.0108642999999,0.0038176174086673293
715.010437,0.004770279172347257
714.0097046,0.0077552790595914285
713.008667,0.007637083045970203
712.0072632,0.008788764904215676
711.0054932,0.008742749413802904
710.003418,0.011201859560644426
709.0010376,0.014615417375343377
707.998291,0.015098631257914845
706.9952392999999,0.016202329215873584
705.9918213,0.018339814709487093
704.9880371,0.021063564549183164
703.9839477999999,0.022386491386254367
702.9795532,0.023934186426254778
701.9747925,0.026419878310044654
700.9697266,0.026040612261756947
699.9643555,0.032313407171095355
698.9586182,0.03814792550424691
697.9525146000001,0.037093398845876674
696.946167,0.04029249951072991
695.9393921,0.04638552421689761
694.9323730000001,0.04940795849406185
694.0689087000001,0.049502609261989905
693.0612792999999,0.054122207806461035
692.0532837000001,0.05728429325016783
691.0449219,0.057693124375593305
690.0363159,0.06481278054623597
689.0273437999999,0.07112347997994543
688.0180664,0.07298475134816483
687.0084228999999,0.0777172411884553
685.9984741000001,0.08168834145054653
684.9882202,0.08538377365762616
683.9776001,0.09244459625023546
682.9666748,0.0944008212612801
681.9554443,0.10133737282020445
680.9439087000001,0.10834896505864323
679.9320068,0.11488759195771009
679.0644531,0.12052124693387732
678.0520019999999,0.12492269022606732
677.0391846,0.1311687223422823
676.026062,0.13808762538353606
675.0126343,0.14553665889842957
673.9989013999999,0.15487647689848197
672.9848022000001,0.1617091960168405
671.9703979,0.1708073000578419
670.9556885,0.17882334584692824
669.9406738,0.1876468684248417
669.0704346,0.19314587251360962
668.0548096,0.20288121114399763
667.0388793999999,0.2117911641965255
666.022644,0.2236632145461438
665.0061035,0.23726987984016254
663.9891968,0.24150466340801513
662.9720459,0.2535327062580848
661.9545287999999,0.26181495929697196
660.9367065,0.2762979230909959
660.0640869,0.2865328135456141
659.0457153,0.2981883341644542
658.0269775,0.31443620691146124
657.0079956000001,0.3229338418282337
655.9886475,0.33592146009771007
654.9690552000001,0.3446015620358262
653.9490967,0.360140331054785
652.928833,0.37517112249558726
652.0540771000001,0.3877827574161164
651.0332642000001,0.40418374698806186
650.012146,0.41593193912470694
648.9907227000001,0.4304381683888308
647.9689941,0.4444426943893109
646.9469604,0.4609908446543494
646.0706787,0.4754438550590149
645.0480347,0.4909694638278723
644.0251465,0.5099114050870056
643.0018921,0.5258672517853263
641.9783936000001,0.5417521701264528
640.9545287999999,0.5562226024981504
639.9304199,0.5766734989995382
639.0523682,0.5944563076741406
638.0276489,0.6138198330756535
637.0026855000001,0.6357572082936215
635.977356,0.6508139342208699
634.9517822,0.6714396723694921
634.0724487000001,0.6912634250402941
633.0463257,0.7141145735820006
632.0198364,0.7400498987799445
630.993103,0.7598555573042423
629.9660644999999,0.7859888755650604
628.9387207000001,0.8090765947005648
628.0579223999999,0.8258001888737332
627.0300292999999,0.8470595196895083
626.0018311000001,0.8741898243482277
624.9733276000001,0.9001314216590655
623.9445801,0.9195166495269775
623.0625,0.937403536688031
622.0332031,0.9498305645291253
621.00354,0.9660137750384705
619.9736328,0.9772667297849017
618.9434204,0.9862259301222517
618.0601807,0.9922568158755398
617.0294188999999,0.9948098214836695
615.9983521,0.997640902053147
614.967041,0.9977732474078901
613.9354248,0.9982643711237568
613.0509643999999,0.9988685849050288
612.0187988,0.9993762661821879
610.9863281,1.0
609.9536132999999,0.9995998060723983
609.0681762999999,0.9993408142533928
608.0349121,0.9994328763369431
607.0013428,0.9987333710332562
605.9674683,0.9996245845624694
604.9333496,0.9996918008907971
604.0467529,0.999242518443844
603.012085,1.0
601.9771118,0.99878085600339
600.9418945,0.9992688323793782
600.0543213,0.9992176362502443
599.0185547,0.9995801377269704
597.9825438999999,0.9989530256461269
596.946228,1.0
596.0576782,0.9993046872557072
595.020874,0.9998800597844615
593.9837036,0.9996303342405882
592.9463501,1.0
592.0568847999999,0.9984625629178919
591.0189819,1.0
589.9807739,0.998446955084608
588.9422607000001,1.0
588.0519409,0.9994383708344733
587.0129394999999,1.0
585.9736328,0.9998359517823199
584.934082,0.9997235536278829
584.0428467,0.9994469575936853
583.0027466,1.0
581.9624022999999,0.998610205009955
581.0704956000001,0.9997532758064958
580.0296021,0.9998266716293613
578.9885254,0.9996833253392975
577.9470825,0.9992937182546684
577.0542602999999,0.9991462332971728
576.0123291,0.9992618685257889
574.9701537999999,0.9987988059483621
573.9277344,0.9993125360471694
573.0339966,0.9987290706390307
571.9910278,0.999761588467221
570.9478149,0.9994298176181176
570.0534058,0.9993858382001573
569.0097046,0.9990020813078669
567.9656982000001,0.9998087380320808
567.0706177000001,0.9998197456155711
566.0261230000001,0.9999643678174865
564.9813843,0.9997665745842518
563.9363403,1.0
563.0404053,1.0
561.9949341,1.0
560.9490967,1.0
560.0525512999999,1.0
559.0062256,1.0
557.9597167999999,1.0
557.0625,0.9997621546481973
556.0154418999999,0.9998248013557346
554.9681396000001,1.0
554.0702514999999,0.9993584170466709
553.022522,0.9998602426354903
551.9744873,0.9990195445752901
550.9261475,0.9999050253401592
550.0274048,0.9994363903855685
548.9786377,1.0
547.9296264999999,0.9997644655742499
547.0302124,0.9997084026854133
545.9807129,1.0
544.9309082000001,1.0
544.0309447999999,0.999693389414548
542.9806518999999,0.9998762307186848
541.9301757999999,0.9997828272243319
541.029541,0.9999102755317839
539.9785156,0.9997693160544857
538.9273071,1.0
538.026001,0.9998501390593546
536.9743042,0.9999525681816165
536.0726318,0.9998930868540853
535.0204468000001,1.0
533.9680176,1.0
533.0657348999999,1.0
532.0128174,0.9998144276758375
530.9596558000001,0.9997833640187699
530.0567627,0.9997830625630219
529.0031738,0.9998471418162838
527.9492798,0.9999469769106494
527.0457763999999,1.0
525.9914551,0.9998744805160545
524.9368896000001,1.0
524.0327148,0.9994355041582729
522.9777222,0.9998857801725318
522.0731812,1.0
521.0177002,0.9998256382364471
519.9619751,0.9998936812246284
519.0568237,0.9997313567515246
518.0006103999999,1.0
516.9442138999999,1.0
516.0384521000001,0.9994592154459588
514.9815674,0.9998684805176564
514.0754394999999,0.9997574262031382
513.0181274,0.9995638851324061
511.9605408,0.9995258548249983
511.053833,0.9995489788772403
509.99578859999997,1.0
508.9375,0.9996449318791302
508.0302124,0.9996434029186639
506.9714966,0.9994757601590332
506.06384280000003,1.0
505.00466919999997,1.0
503.9452515,0.9996220208855965
503.03701780000006,0.9996732055267377
501.9771423,0.9999576010106352
501.068512,0.9994040647127439
500.0082397,1.0
498.94772340000003,0.999516654792066
498.0385132,1.0
496.9775391,0.9998974913862752
496.06796260000004,0.9999562928028096
495.0065613,0.999861080699955
493.9449158,0.9995677564737087
493.03475949999995,1.0
491.97271730000006,0.9996212939280793
491.0621948,0.9996279513977175
489.9996948,0.999817746187155
488.9369507,0.9994972481218765
488.0258789,0.9997894560178446
486.9627075,0.9998846098604245
486.05126950000005,0.9997755841527978
484.98767089999996,0.999774958413397
484.07586669999995,0.999724855263501
483.01184079999996,0.9998052352911195
481.94760130000003,0.9997004458559229
481.03524780000004,0.9998225549199676
479.97058110000006,0.9992258440430307
479.05783080000003,0.9994109954640652
477.9927673,0.9989152848347587
476.9274597,0.9989027494341973
476.0141602,0.9983506030592464
474.94845580000003,0.9978664176515698
474.03479000000004,0.9980056261401103
472.9686584,0.9972564944745076
472.054657,0.9970877950271578
470.98809810000006,0.996557074007405
470.07373049999995,0.9958473806474198
469.0067749,0.9955651425661033
467.93957520000004,0.9949646938461798
467.0246887,0.9942989953212404
465.95709230000006,0.9937739846215591
465.04183960000006,0.993759742842493
463.9738159,0.9936103104464059
463.05822750000004,0.9926681249158243
461.98980710000006,0.9931813820304006
461.07385250000004,0.993169246761661
460.00503539999994,0.9933100774710771
458.9360046,0.9933544820942601
458.0195313,0.9937088072817692
456.95010379999997,0.9939941404082075
456.0332642,0.994354749377047
454.9634399,0.9949428780278786
454.0462646000001,0.9950845329502289
452.9760437,0.9956626956676464
452.05853269999994,0.9956784796941395
450.98791500000004,0.9958333024753931
450.0700378,0.9963848589630143
448.9990234,0.996889844508081
447.9277954,0.9968605775382645
447.0094299,0.99703622564809
445.9378052,0.997341726684632
445.019104,0.9974909659697196
443.9470825,0.9973363099542919
443.02804569999995,0.9978369132952415
441.9556274,0.998029188675986
441.03625489999996,0.9976923629387533
439.9634705,0.9980640800977942
439.04376219999995,0.9982015197337788
437.97058110000006,0.998176616324826
437.05053710000004,0.9980085330871534
435.9769897,0.9984570746059022
435.0566101,0.9981924570024583
433.982666,0.9984609271792498
433.0619812,0.9984697136596605
431.98767089999996,0.998484785030125
431.06665039999996,0.998727362187185
429.99194339999997,0.998786045268181
429.0706177,0.9989028132823768
427.9955444,0.999080074410349
427.07388310000005,0.9991021256797039
425.9984131,0.9989274898089894
425.0764465,0.9991859364552216
424.0006103999999,0.9995119773317933
422.92459110000004,0.9994750096249375
422.0021362,0.9993910460516224
420.92572019999994,0.9996006190071397
420.00292970000004,0.9993665314175066
418.926178,0.9991879111595223
418.0030823,0.9995440744120958
416.9259338,0.9993584385321562
416.002533,0.999386730356022
414.92501830000003,0.9994836559487346
414.0013123,0.9991786976884185
412.92343139999997,0.9992932970509929
411.99938960000003,0.9989564903456597
411.0752258,0.9989972393233256
409.9968262,0.9987190779782935
409.0723267,0.9991032301127242
407.9935913,0.9984778551293969
407.06878660000007,0.9989260097577211
405.98968510000003,0.9983832462156351
405.0645752,0.9987369733897109
403.9851379,0.9979288880567349
403.0597229,0.9981659888935073
401.97991939999997,0.9983169395904856
401.0541992,0.9978562242212164
399.9740295,0.997476351984288
399.0480347,0.9974074506725729
397.9674988,0.9971836136315879
397.0411987,0.9977951441900924
395.96032710000003,0.9974838678106513
395.03372189999993,0.997285687941714
393.95251460000003,0.997584070376408
393.0256042,0.9977411765182951
391.9440613,0.9973469430676467
391.0168457,0.9981079631349101
389.93493650000005,0.9980749028348336
389.0074463,0.9987183175925856
387.9252014,0.9988997914425772
386.99743650000005,0.999503894868173
386.069519,0.9990480256379158
384.9867859,0.9997592609426533
384.0585632,0.9993541144583957
382.97549439999995,1.0
382.04699710000006,1.0
380.9635925,1.0
380.03479,1.0
378.9510498,0.9997499606211506
378.0220032,0.9999698349796723
376.9379272,0.9996845385535027
376.0085754,1.0
374.92416380000003,1.0
373.99453739999996,0.9997465488578346
373.0647583,0.9996932653358579
371.9798889,0.9994226685957532
371.0498352,0.9994315256985857
369.9646301,1.0
369.03430180000004,0.9991344321661161
367.948761,0.9995616386527918
367.018158,0.9994144258915185
365.932312,1.0
365.0014343,0.9998829945910489
364.07043460000006,0.9998584731687028
362.9841003,0.9993835879136584
362.05282589999996,0.999679454622398
360.96618650000005,0.9998799116083328
360.034668,0.9996943060744237
358.94769289999994,0.9995785669638249
358.01586910000003,0.999806434879757
356.92861939999995,1.0
355.996521,0.999752175295048
355.0643005,0.999740052388708
353.97659300000004,0.9998128214226832
353.0440979,0.9994398248494941
351.9560852,0.9998141614884631
351.0233459,0.9999526816284332
349.93499760000003,1.0
349.0019836,0.9990983202260906
348.0688477,0.9997937692156776
346.980072,0.9998975728402716
346.0466919,0.9994480125364594
344.95758060000003,0.9995975535626783
344.0239563,1.0
342.9345398,0.9994332756442861
342.0006409,0.9997420668276153
341.0666199,0.9997643833229678
339.97677610000005,0.9997810978356195
339.042511,0.9996531397196033
337.9523621,0.9998049788310065
337.01782230000003,0.9994126486975963
335.92739869999997,0.9996157976269283
334.9926147,0.9997153873254506
334.0577087,0.99992824014329
332.9668579,1.0
332.03170780000005,0.9995999993597501
330.94055180000004,0.999722757091436
330.0051575,0.9999639127553736
329.0696411,0.9992768513213526
327.9780579,0.9991507554824125
327.0422974,1.0
325.9504395,0.9997766340608927
325.0144348,0.9996366558999785
323.9223022,0.9999406584283704
322.9860535,0.9994254620063513
322.04968260000004,0.9998378025148363
320.95712280000004,0.999593792802669
320.0205078,0.9994481370675368
318.9276733,0.9996372448512264
317.9908142,1.0
317.0538635,1.0
315.96063230000004,0.9998521809627964
315.0234375,0.9997596561751172
313.92990110000005,1.0
312.99249269999996,0.999705911491111
312.05493160000003,0.9997441305595972
310.96099849999996,0.9995358900530358
310.0232544,1.0
308.9290466,0.9997136143661415
307.9910278,0.9998600800395682
307.0529175,0.9996113030075234
305.9583435,0.9999564090686868
305.019989,0.999518825214054
303.9251404,0.9999599437269505
302.98657230000003,0.9997045066116076
302.04788210000004,1.0
300.9526367,0.9998689894893139
300.0137329,0.9998120915574756
