	380 nm	403 nm	438 nm	453 nm	472 nm	526 nm	593 nm	640 nm
15	2.28166	1.35172	0.99818	1.01659	1.52348	1.92179	15.5616	0.66957
16	2.25832	1.34581	0.99818	1.01819	1.53985	1.95941	15.4053	0.66199
17	2.23766	1.34057	0.99818	1.01966	1.5549	1.99462	15.26441	0.65532
18	2.21924	1.33582	0.99818	1.02098	1.56878	2.02761	15.14149	0.64938
19	2.20276	1.33155	0.99818	1.0222	1.58167	2.05862	15.03148	0.64408
20	2.18791	1.32766	0.99818	1.02332	1.59362	2.08782	14.92992	0.63931
21	2.17443	1.32412	0.99818	1.02433	1.60472	2.11532	14.84004	0.63498
22	2.16219	1.32086	0.99818	1.02528	1.6151	2.14131	14.75837	0.63106
23	2.15103	1.31788	0.99818	1.02614	1.62482	2.16588	14.68153	0.62747
24	2.14076	1.31512	0.99818	1.02696	1.63392	2.18918	14.61312	0.62419
25	2.13131	1.31258	0.99818	1.02771	1.64247	2.21128	14.55012	0.62116
26	2.12256	1.3102	0.99818	1.02841	1.65053	2.23226	14.49	0.61837
27	2.11447	1.308	0.99818	1.02908	1.65811	2.25223	14.43613	0.61579
28	2.10694	1.30593	0.99818	1.02968	1.66526	2.27124	14.38596	0.61339
29	2.09994	1.30402	0.99818	1.03027	1.67204	2.28938	14.33773	0.61116
30	2.0934	1.30222	0.99818	1.03081	1.67848	2.30669	14.29422	0.60907
31	2.08729	1.30052	0.99818	1.03132	1.68456	2.32322	14.2534	0.60712
32	2.08155	1.29893	0.99818	1.03181	1.69034	2.33904	14.21377	0.6053
33	2.07614	1.29743	0.99818	1.03226	1.69583	2.35418	14.17781	0.60358
34	2.07107	1.29601	0.99818	1.0327	1.70109	2.3687	14.14405	0.60196
35	2.06626	1.29466	0.99818	1.03311	1.70608	2.38262	14.1108	0.60044
36	2.06173	1.2934	0.99818	1.0335	1.71085	2.39599	14.08075	0.599
37	2.05745	1.29219	0.99818	1.03387	1.71543	2.40884	14.05108	0.59764
38	2.05341	1.29105	0.99818	1.03422	1.71977	2.42118	14.02407	0.59635
39	2.04955	1.28996	0.99818	1.03456	1.72395	2.43307	13.99851	0.59513
40	2.04588	1.28892	0.99818	1.03488	1.72794	2.4445	13.97302	0.59396
41	2.0424	1.28793	0.99818	1.0352	1.73179	2.45553	13.94994	0.59286
42	2.03908	1.287	0.99818	1.03549	1.73547	2.46617	13.92795	0.59181
43	2.0359	1.28609	0.99818	1.03577	1.739	2.47642	13.90586	0.59081
44	2.03288	1.28524	0.99818	1.03604	1.74242	2.48633	13.88586	0.58985
45	2.02999	1.2844	0.99818	1.0363	1.74569	2.49589	13.86667	0.58893
46	2.02724	1.28362	0.99818	1.03655	1.74884	2.50515	13.84741	0.58806
47	2.0246	1.28286	0.99818	1.03679	1.75188	2.5141	13.82991	0.58722
48	2.02205	1.28213	0.99818	1.03702	1.75481	2.52276	13.81308	0.58641
49	2.01962	1.28143	0.99818	1.03724	1.75764	2.53115	13.79608	0.58565
50	2.01727	1.28076	0.99818	1.03745	1.76036	2.53926	13.78058	0.5849
Basis	Rhodamine101	2017-05-05	nW	NaN	NaN	NaN	NaN	NaN
